0
0
0
1
1
1
1
2
2
2
3
3
3
4
5
6
6
7
7
8
8
9
9
10
11
11
12
12
13
13
15
15
16
16
16
16
17
17
17
17
18
19
19
19
19
20
21
21
21
22
24
24
26
26
26
26
27
27
27
27
27
28
29
29
29
29
29
30
30
30
30
30
30
31
31
32
33
33
33
34
34
34
35
35
35
36
37
38
39
39
39
40
40
41
42
43
43
43
44
45
45
45
45
46
47
48
48
49
49
50
50
50
52
52
53
53
53
53
53
54
54
54
55
56
56
58
59
59
60
60
60
60
61
61
62
63
63
63
64
64
66
67
67
67
68
69
69
71
71
71
72
72
73
73
74
74
74
74
76
76
78
78
79
80
80
80
80
81
82
83
84
86
86
87
88
88
88
88
88
89
89
90
90
91
91
91
92
92
92
93
96
96
97
98
98
98
98
99
99
99

